# task_index cost model class  (model: 0 Sol~5.6, 1 Terra~5.6; class: ok/fail/unm + model)
0 0.3617 0 ok0
0 0.6376 0 ok0
0 0.8815 0 ok0
0 1.1458 0 ok0
1 0.3251 0 ok0
1 0.2929 0 ok0
1 0.2771 0 ok0
1 0.3235 0 ok0
2 0.2774 0 ok0
2 0.2934 0 ok0
2 0.2698 0 ok0
2 0.2493 0 ok0
3 0.1845 0 ok0
3 0.1540 0 ok0
3 0.2364 0 ok0
3 0.2043 0 ok0
4 0.2380 0 ok0
4 0.2368 0 ok0
4 0.2891 0 ok0
4 0.3539 0 ok0
5 0.2578 0 ok0
5 0.2883 0 ok0
5 0.1481 0 ok0
5 0.2368 0 ok0
6 0.2029 0 ok0
6 0.2033 0 ok0
6 0.1860 0 ok0
6 0.1824 0 ok0
7 0.5661 0 ok0
7 0.7458 0 ok0
7 0.4955 0 ok0
7 1.0265 0 fail0
8 0.4801 0 unm0
8 0.5946 0 unm0
8 0.4622 0 ok0
8 0.3557 0 ok0
9 0.4065 0 ok0
9 0.3485 0 ok0
9 0.5179 0 ok0
9 0.4554 0 ok0
10 0.2947 0 ok0
10 0.2862 0 ok0
10 0.3982 0 ok0
10 0.4602 0 ok0
11 0.2944 0 ok0
11 0.3459 0 ok0
11 0.3966 0 ok0
11 0.4013 0 ok0
12 0.3876 0 ok0
12 0.2853 0 ok0
12 0.3122 0 ok0
12 0.2853 0 ok0
13 0.2734 0 ok0
13 0.2330 0 ok0
13 0.2430 0 ok0
13 0.1848 0 ok0
14 0.3531 0 ok0
14 0.3089 0 ok0
14 0.3718 0 ok0
14 0.2988 0 ok0
15 0.2735 0 ok0
15 0.2392 0 ok0
15 0.2165 0 ok0
15 0.2592 0 ok0
16 0.4837 0 ok0
16 0.4751 0 ok0
16 0.4712 0 ok0
16 0.5878 0 ok0
17 0.9869 0 ok0
17 0.7157 0 ok0
17 0.3569 0 ok0
17 0.3967 0 ok0
18 0.2540 0 ok0
18 0.2183 0 ok0
18 0.1679 0 ok0
18 0.2487 0 ok0
19 0.1884 0 ok0
19 0.2203 0 ok0
19 0.1810 0 ok0
19 0.2168 0 ok0
0 0.3717 1 ok1
0 1.2739 1 ok1
0 0.2188 1 ok1
0 1.1471 1 ok1
1 0.1538 1 ok1
1 0.1535 1 ok1
1 0.2065 1 ok1
1 0.1685 1 ok1
2 0.0996 1 ok1
2 0.1428 1 ok1
2 0.1166 1 ok1
2 0.1369 1 ok1
3 0.1228 1 ok1
3 0.0895 1 ok1
3 0.1081 1 ok1
3 0.1071 1 ok1
4 0.1096 1 ok1
4 0.1732 1 ok1
4 0.1533 1 ok1
4 0.1871 1 ok1
5 0.0836 1 ok1
5 0.0876 1 ok1
5 0.0839 1 ok1
5 0.1135 1 ok1
6 0.0935 1 ok1
6 0.1040 1 ok1
6 0.0947 1 ok1
6 0.0975 1 ok1
7 0.2998 1 ok1
7 0.2783 1 fail1
7 0.3030 1 fail1
7 0.5334 1 ok1
8 0.2826 1 ok1
8 0.6171 1 ok1
8 0.4539 1 ok1
8 0.2960 1 ok1
9 0.2211 1 ok1
9 0.2412 1 ok1
9 0.1981 1 ok1
9 0.2486 1 ok1
10 0.2569 1 ok1
10 0.1850 1 ok1
10 0.2167 1 ok1
10 0.2149 1 ok1
11 0.1609 1 ok1
11 0.1822 1 ok1
11 0.2032 1 ok1
11 0.1673 1 ok1
12 0.1805 1 ok1
12 0.1624 1 ok1
12 0.1500 1 ok1
12 0.2262 1 ok1
13 0.0779 1 ok1
13 0.0731 1 ok1
13 0.0823 1 ok1
13 0.0857 1 ok1
14 0.1582 1 ok1
14 0.1779 1 ok1
14 0.2847 1 ok1
14 0.1638 1 ok1
15 0.0985 1 ok1
15 0.1060 1 ok1
15 0.0944 1 ok1
15 0.1279 1 ok1
16 0.2888 1 ok1
16 0.1554 1 ok1
16 0.2411 1 ok1
16 0.2862 1 ok1
17 0.2900 1 ok1
17 0.2197 1 ok1
17 0.2266 1 ok1
17 0.2409 1 ok1
18 0.1159 1 ok1
18 0.0774 1 ok1
18 0.0875 1 ok1
18 0.1247 1 ok1
19 0.1477 1 ok1
19 0.0980 1 ok1
19 0.0996 1 ok1
19 0.0891 1 ok1
