# task_index cost model class  (model: 0 Sol~5.6, 1 Terra~5.6; class: ok/fail/unm + model)
0 0.1814 0 ok0
0 0.1334 0 ok0
0 0.1594 0 ok0
0 0.1176 0 ok0
1 0.1372 0 ok0
1 0.1702 0 ok0
1 0.1386 0 ok0
1 0.1132 0 ok0
2 0.1095 0 ok0
2 0.1943 0 ok0
2 0.1093 0 ok0
2 0.1107 0 ok0
3 0.1113 0 ok0
3 0.1136 0 ok0
3 0.1092 0 ok0
3 0.1128 0 ok0
4 0.1139 0 ok0
4 0.1096 0 ok0
4 0.1089 0 ok0
4 0.1391 0 ok0
5 0.1123 0 ok0
5 0.1090 0 ok0
5 0.1492 0 ok0
5 0.1151 0 ok0
6 0.1587 0 ok0
6 0.1580 0 ok0
6 0.1219 0 ok0
6 0.1723 0 ok0
7 0.2009 0 ok0
7 0.1987 0 ok0
7 0.2809 0 ok0
7 0.2309 0 ok0
8 0.1139 0 ok0
8 0.1333 0 ok0
8 0.1296 0 ok0
8 0.1073 0 ok0
9 0.1343 0 ok0
9 0.1195 0 ok0
9 0.1107 0 ok0
9 0.1117 0 ok0
10 0.1145 0 ok0
10 0.1196 0 ok0
10 0.1163 0 ok0
10 0.1407 0 ok0
11 0.1114 0 ok0
11 0.1097 0 ok0
11 0.1328 0 ok0
11 0.1468 0 ok0
12 0.3266 0 ok0
12 0.1224 0 ok0
12 0.2599 0 ok0
12 0.1200 0 ok0
13 0.5290 0 ok0
13 0.4479 0 ok0
13 0.5670 0 ok0
13 0.3917 0 ok0
14 0.2657 0 fail0
14 0.2324 0 fail0
14 0.4932 0 ok0
14 0.2664 0 fail0
15 0.6956 0 ok0
15 1.1518 0 ok0
15 0.6846 0 ok0
15 0.4225 0 ok0
16 2.0179 0 ok0
16 0.5344 0 fail0
16 0.5993 0 ok0
16 0.9782 0 ok0
17 0.5520 0 ok0
17 0.4757 0 ok0
17 0.3196 0 unm0
17 0.5400 0 ok0
18 0.5214 0 ok0
18 0.5301 0 ok0
18 0.3218 0 ok0
18 0.3134 0 ok0
19 0.4795 0 ok0
19 0.4165 0 ok0
19 0.4918 0 ok0
19 0.3646 0 ok0
20 0.5728 0 ok0
20 0.3181 0 ok0
20 0.3849 0 ok0
20 0.3898 0 ok0
21 0.3292 0 ok0
21 0.2696 0 ok0
21 0.3077 0 ok0
21 0.3051 0 fail0
22 0.2798 0 ok0
22 0.3069 0 ok0
22 0.2189 0 ok0
22 0.2417 0 ok0
23 0.1858 0 ok0
23 0.2247 0 ok0
23 0.2692 0 ok0
23 0.2155 0 ok0
24 0.2602 0 ok0
24 0.2708 0 ok0
24 0.2498 0 ok0
24 0.2939 0 ok0
25 0.9826 0 ok0
25 0.4584 0 ok0
25 0.6765 0 ok0
25 0.6692 0 ok0
0 0.0591 1 ok1
0 0.0594 1 ok1
0 0.0605 1 ok1
0 0.0600 1 ok1
1 0.0570 1 ok1
1 0.0573 1 ok1
1 0.0564 1 ok1
1 0.0782 1 ok1
2 0.0577 1 ok1
2 0.0576 1 ok1
2 0.0634 1 ok1
2 0.0564 1 ok1
3 0.0564 1 ok1
3 0.0589 1 ok1
3 0.0558 1 ok1
3 0.0666 1 ok1
4 0.0564 1 ok1
4 0.0733 1 ok1
4 0.0572 1 ok1
4 0.0573 1 ok1
5 0.0560 1 ok1
5 0.0574 1 ok1
5 0.0580 1 ok1
5 0.0671 1 ok1
6 0.0589 1 ok1
6 0.0561 1 ok1
6 0.0645 1 ok1
6 0.0572 1 ok1
7 0.1186 1 ok1
7 0.1503 1 ok1
7 0.1423 1 ok1
7 0.1516 1 ok1
8 0.0833 1 ok1
8 0.0600 1 ok1
8 0.0747 1 ok1
8 0.1127 1 ok1
9 0.0561 1 ok1
9 0.0758 1 ok1
9 0.0729 1 ok1
9 0.0571 1 ok1
10 0.0699 1 ok1
10 0.0681 1 ok1
10 0.0594 1 ok1
10 0.0620 1 ok1
11 0.0559 1 ok1
11 0.0605 1 ok1
11 0.0561 1 ok1
11 0.0564 1 ok1
12 0.0735 1 ok1
12 0.0557 1 ok1
12 0.0614 1 ok1
12 0.0456 1 ok1
13 0.1643 1 ok1
13 0.1484 1 ok1
13 0.1513 1 ok1
13 0.2300 1 ok1
14 0.2396 1 ok1
14 0.3029 1 ok1
14 0.1785 1 fail1
14 0.1582 1 fail1
15 0.3306 1 ok1
15 0.4119 1 ok1
15 0.2509 1 ok1
15 0.3056 1 ok1
16 0.9170 1 ok1
16 0.2005 1 fail1
16 0.1923 1 fail1
16 0.5930 1 ok1
17 0.2087 1 ok1
17 1.2397 1 unm1
17 0.2683 1 ok1
17 0.5140 1 ok1
18 0.1638 1 ok1
18 0.1792 1 ok1
18 0.1439 1 ok1
18 0.2013 1 ok1
19 0.1848 1 ok1
19 0.2337 1 ok1
19 0.2690 1 ok1
19 0.2649 1 ok1
20 0.2261 1 ok1
20 0.2812 1 ok1
20 0.3260 1 ok1
20 0.2050 1 ok1
21 0.3551 1 ok1
21 0.1327 1 fail1
21 0.1019 1 fail1
21 0.1853 1 ok1
22 0.1551 1 ok1
22 0.1371 1 ok1
22 0.1604 1 ok1
22 0.1227 1 ok1
23 0.1435 1 ok1
23 0.1218 1 ok1
23 0.1381 1 ok1
23 0.1724 1 ok1
24 0.1516 1 ok1
24 0.1443 1 ok1
24 0.1265 1 ok1
24 0.1533 1 ok1
25 0.2288 1 ok1
25 0.1775 1 ok1
25 0.2886 1 ok1
25 0.2727 1 ok1
